[ 1.  ,  0.  , 28.  ,  0.09],
[ 1.  ,  0.  , 48.  ,  0.12],
[ 1.  ,  0.  , 45.  ,  0.17],
[ 1.  ,  0.  , 43.  ,  0.23],
[ 1.  ,  0.  , 46.  ,  0.31],
[ 1.  ,  0.  , 32.  ,  0.32],
[ 1.  ,  0.  , 27.  ,  0.33],
[ 1.  ,  0.  , 42.  ,  0.34],
[ 1.  ,  0.  , 36.  ,  0.38],
[ 1.  ,  0.  , 31.  ,  0.42],
[ 1.  ,  0.  , 30.  ,  0.43],
[ 1.  ,  0.  , 26.  ,  0.5 ],
[ 1.  ,  0.  , 29.  ,  0.51],
[ 1.  ,  0.  , 40.  ,  0.52],
[ 1.  ,  0.  , 49.  ,  0.55],
[ 1.  ,  0.  , 38.  ,  0.74],
[ 1.  ,  0.  , 35.  ,  0.78],
[ 1.  ,  0.  , 37.  ,  0.79],
[ 1.  ,  0.  , 41.  ,  0.8 ],
[ 1.  ,  0.  , 47.  ,  0.83],
[ 1.  ,  0.  , 33.  ,  0.84],
[ 1.  ,  0.  , 39.  ,  0.93],
[ 1.  ,  0.  , 34.  ,  0.95],
[ 1.  ,  1.  , 12.  ,  1.05],
[ 1.  ,  1.  , 10.  ,  1.05],
[ 1.  ,  1.  ,  4.  ,  1.09],
[ 1.  ,  1.  , 16.  ,  1.11],
[ 1.  ,  1.  , 15.  ,  1.13],
[ 1.  ,  1.  ,  3.  ,  1.2 ],
[ 1.  ,  1.  , 20.  ,  1.21],
[ 1.  ,  1.  ,  9.  ,  1.24],
[ 1.  ,  1.  ,  2.  ,  1.27],
[ 1.  ,  1.  ,  5.  ,  1.33],
[ 1.  ,  1.  , 23.  ,  1.35],
[ 1.  ,  1.  , 22.  ,  1.38],
[ 1.  ,  1.  , 11.  ,  1.43],
[ 1.  ,  1.  , 13.  ,  1.45],
[ 1.  ,  1.  , 17.  ,  1.45],
[ 1.  ,  1.  , 24.  ,  1.48],
[ 1.  ,  1.  , 14.  ,  1.6 ],
[ 1.  ,  1.  , 19.  ,  1.62],
[ 1.  ,  1.  ,  8.  ,  1.7 ],
[ 1.  ,  1.  , 18.  ,  1.76],
[ 1.  ,  1.  ,  7.  ,  1.79],
[ 1.  ,  1.  , 21.  ,  1.79],
[ 1.  ,  1.  ,  1.  ,  1.79],
[ 1.  ,  0.  , 25.  ,  1.94],
[ 1.  ,  1.  ,  6.  ,  2.  ]]